8.539179380832469246e-02 8.539179380832469246e-02 8.539179380832469246e-02 8.539179380832469246e-02 8.539179380832469246e-02 8.539179380832469246e-02 8.539179380832469246e-02 8.539179380832469246e-02 8.539179380832469246e-02 8.539179380832469246e-02
8.539179380832469246e-02 8.539179380832469246e-02 8.539179380832469246e-02 8.539179380832469246e-02 8.539179380832469246e-02 8.539179380832469246e-02 8.539179380832469246e-02 8.539179380832469246e-02 8.539179380832469246e-02 8.539179380832469246e-02
8.539179380832469246e-02 8.539179380832469246e-02 8.539179380832469246e-02 8.539179380832469246e-02 8.539179380832469246e-02 8.539179380832469246e-02 8.539179380832469246e-02 8.539179380832469246e-02 8.539179380832469246e-02 8.539179380832469246e-02
8.539179380832469246e-02 8.539179380832469246e-02 8.539179380832469246e-02 8.539179380832469246e-02 8.539179380832469246e-02 8.539179380832469246e-02 8.539179380832469246e-02 8.539179380832469246e-02 8.539179380832469246e-02 8.539179380832469246e-02
8.539179380832469246e-02 8.539179380832469246e-02 8.539179380832469246e-02 8.539179380832469246e-02 8.539179380832469246e-02 8.539179380832469246e-02 8.539179380832469246e-02 8.539179380832469246e-02 8.539179380832469246e-02 8.539179380832469246e-02
8.539179380832469246e-02 8.539179380832469246e-02 8.539179380832469246e-02 8.539179380832469246e-02 8.539179380832469246e-02 8.539179380832469246e-02 8.539179380832469246e-02 8.539179380832469246e-02 8.539179380832469246e-02 8.539179380832469246e-02
8.539179380832469246e-02 8.539179380832469246e-02 8.539179380832469246e-02 8.539179380832469246e-02 8.539179380832469246e-02 8.539179380832469246e-02 8.539179380832469246e-02 8.539179380832469246e-02 8.539179380832469246e-02 8.539179380832469246e-02
8.539179380832469246e-02 8.539179380832469246e-02 8.539179380832469246e-02 8.539179380832469246e-02 8.539179380832469246e-02 8.539179380832469246e-02 8.539179380832469246e-02 8.539179380832469246e-02 8.539179380832469246e-02 8.539179380832469246e-02
8.539179380832469246e-02 8.539179380832469246e-02 8.539179380832469246e-02 8.539179380832469246e-02 8.539179380832469246e-02 8.539179380832469246e-02 8.539179380832469246e-02 8.539179380832469246e-02 8.539179380832469246e-02 8.539179380832469246e-02
8.539179380832469246e-02 8.539179380832469246e-02 8.539179380832469246e-02 8.539179380832469246e-02 8.539179380832469246e-02 8.539179380832469246e-02 8.539179380832469246e-02 8.539179380832469246e-02 8.539179380832469246e-02 8.539179380832469246e-02
