7.064732535566285803e-135 7.064732535566285803e-135 7.064732535566285803e-135 7.064732535566285803e-135 7.064732535566285803e-135 7.064732535566285803e-135 7.064732535566285803e-135 7.064732535566285803e-135 7.064732535566285803e-135 7.064732535566285803e-135
7.064732535566285803e-135 7.064732535566285803e-135 7.064732535566285803e-135 7.064732535566285803e-135 7.064732535566285803e-135 7.064732535566285803e-135 7.064732535566285803e-135 7.064732535566285803e-135 7.064732535566285803e-135 7.064732535566285803e-135
7.064732535566285803e-135 7.064732535566285803e-135 7.064732535566285803e-135 7.064732535566285803e-135 7.064732535566285803e-135 7.064732535566285803e-135 7.064732535566285803e-135 7.064732535566285803e-135 7.064732535566285803e-135 7.064732535566285803e-135
7.064732535566285803e-135 7.064732535566285803e-135 7.064732535566285803e-135 7.064732535566285803e-135 7.064732535566285803e-135 7.064732535566285803e-135 7.064732535566285803e-135 7.064732535566285803e-135 7.064732535566285803e-135 7.064732535566285803e-135
7.064732535566285803e-135 7.064732535566285803e-135 7.064732535566285803e-135 7.064732535566285803e-135 7.064732535566285803e-135 7.064732535566285803e-135 7.064732535566285803e-135 7.064732535566285803e-135 7.064732535566285803e-135 7.064732535566285803e-135
7.064732535566285803e-135 7.064732535566285803e-135 7.064732535566285803e-135 7.064732535566285803e-135 7.064732535566285803e-135 7.064732535566285803e-135 7.064732535566285803e-135 7.064732535566285803e-135 7.064732535566285803e-135 7.064732535566285803e-135
7.064732535566285803e-135 7.064732535566285803e-135 7.064732535566285803e-135 7.064732535566285803e-135 7.064732535566285803e-135 7.064732535566285803e-135 7.064732535566285803e-135 7.064732535566285803e-135 7.064732535566285803e-135 7.064732535566285803e-135
7.064732535566285803e-135 7.064732535566285803e-135 7.064732535566285803e-135 7.064732535566285803e-135 7.064732535566285803e-135 7.064732535566285803e-135 7.064732535566285803e-135 7.064732535566285803e-135 7.064732535566285803e-135 7.064732535566285803e-135
7.064732535566285803e-135 7.064732535566285803e-135 7.064732535566285803e-135 7.064732535566285803e-135 7.064732535566285803e-135 7.064732535566285803e-135 7.064732535566285803e-135 7.064732535566285803e-135 7.064732535566285803e-135 7.064732535566285803e-135
7.064732535566285803e-135 7.064732535566285803e-135 7.064732535566285803e-135 7.064732535566285803e-135 7.064732535566285803e-135 7.064732535566285803e-135 7.064732535566285803e-135 7.064732535566285803e-135 7.064732535566285803e-135 7.064732535566285803e-135
