2.456155907079270104e-68 2.456155907079270104e-68 2.456155907079270104e-68 2.456155907079270104e-68 2.456155907079270104e-68 2.456155907079270104e-68 2.456155907079270104e-68 2.456155907079270104e-68 2.456155907079270104e-68 2.456155907079270104e-68
2.456155907079270104e-68 2.456155907079270104e-68 2.456155907079270104e-68 2.456155907079270104e-68 2.456155907079270104e-68 2.456155907079270104e-68 2.456155907079270104e-68 2.456155907079270104e-68 2.456155907079270104e-68 2.456155907079270104e-68
2.456155907079270104e-68 2.456155907079270104e-68 2.456155907079270104e-68 2.456155907079270104e-68 2.456155907079270104e-68 2.456155907079270104e-68 2.456155907079270104e-68 2.456155907079270104e-68 2.456155907079270104e-68 2.456155907079270104e-68
2.456155907079270104e-68 2.456155907079270104e-68 2.456155907079270104e-68 2.456155907079270104e-68 2.456155907079270104e-68 2.456155907079270104e-68 2.456155907079270104e-68 2.456155907079270104e-68 2.456155907079270104e-68 2.456155907079270104e-68
2.456155907079270104e-68 2.456155907079270104e-68 2.456155907079270104e-68 2.456155907079270104e-68 2.456155907079270104e-68 2.456155907079270104e-68 2.456155907079270104e-68 2.456155907079270104e-68 2.456155907079270104e-68 2.456155907079270104e-68
2.456155907079270104e-68 2.456155907079270104e-68 2.456155907079270104e-68 2.456155907079270104e-68 2.456155907079270104e-68 2.456155907079270104e-68 2.456155907079270104e-68 2.456155907079270104e-68 2.456155907079270104e-68 2.456155907079270104e-68
2.456155907079270104e-68 2.456155907079270104e-68 2.456155907079270104e-68 2.456155907079270104e-68 2.456155907079270104e-68 2.456155907079270104e-68 2.456155907079270104e-68 2.456155907079270104e-68 2.456155907079270104e-68 2.456155907079270104e-68
2.456155907079270104e-68 2.456155907079270104e-68 2.456155907079270104e-68 2.456155907079270104e-68 2.456155907079270104e-68 2.456155907079270104e-68 2.456155907079270104e-68 2.456155907079270104e-68 2.456155907079270104e-68 2.456155907079270104e-68
2.456155907079270104e-68 2.456155907079270104e-68 2.456155907079270104e-68 2.456155907079270104e-68 2.456155907079270104e-68 2.456155907079270104e-68 2.456155907079270104e-68 2.456155907079270104e-68 2.456155907079270104e-68 2.456155907079270104e-68
2.456155907079270104e-68 2.456155907079270104e-68 2.456155907079270104e-68 2.456155907079270104e-68 2.456155907079270104e-68 2.456155907079270104e-68 2.456155907079270104e-68 2.456155907079270104e-68 2.456155907079270104e-68 2.456155907079270104e-68
