4.579689495789116678e-35 4.579689495789116678e-35 4.579689495789116678e-35 4.579689495789116678e-35 4.579689495789116678e-35 4.579689495789116678e-35 4.579689495789116678e-35 4.579689495789116678e-35 4.579689495789116678e-35 4.579689495789116678e-35
4.579689495789116678e-35 4.579689495789116678e-35 4.579689495789116678e-35 4.579689495789116678e-35 4.579689495789116678e-35 4.579689495789116678e-35 4.579689495789116678e-35 4.579689495789116678e-35 4.579689495789116678e-35 4.579689495789116678e-35
4.579689495789116678e-35 4.579689495789116678e-35 4.579689495789116678e-35 4.579689495789116678e-35 4.579689495789116678e-35 4.579689495789116678e-35 4.579689495789116678e-35 4.579689495789116678e-35 4.579689495789116678e-35 4.579689495789116678e-35
4.579689495789116678e-35 4.579689495789116678e-35 4.579689495789116678e-35 4.579689495789116678e-35 4.579689495789116678e-35 4.579689495789116678e-35 4.579689495789116678e-35 4.579689495789116678e-35 4.579689495789116678e-35 4.579689495789116678e-35
4.579689495789116678e-35 4.579689495789116678e-35 4.579689495789116678e-35 4.579689495789116678e-35 4.579689495789116678e-35 4.579689495789116678e-35 4.579689495789116678e-35 4.579689495789116678e-35 4.579689495789116678e-35 4.579689495789116678e-35
4.579689495789116678e-35 4.579689495789116678e-35 4.579689495789116678e-35 4.579689495789116678e-35 4.579689495789116678e-35 4.579689495789116678e-35 4.579689495789116678e-35 4.579689495789116678e-35 4.579689495789116678e-35 4.579689495789116678e-35
4.579689495789116678e-35 4.579689495789116678e-35 4.579689495789116678e-35 4.579689495789116678e-35 4.579689495789116678e-35 4.579689495789116678e-35 4.579689495789116678e-35 4.579689495789116678e-35 4.579689495789116678e-35 4.579689495789116678e-35
4.579689495789116678e-35 4.579689495789116678e-35 4.579689495789116678e-35 4.579689495789116678e-35 4.579689495789116678e-35 4.579689495789116678e-35 4.579689495789116678e-35 4.579689495789116678e-35 4.579689495789116678e-35 4.579689495789116678e-35
4.579689495789116678e-35 4.579689495789116678e-35 4.579689495789116678e-35 4.579689495789116678e-35 4.579689495789116678e-35 4.579689495789116678e-35 4.579689495789116678e-35 4.579689495789116678e-35 4.579689495789116678e-35 4.579689495789116678e-35
4.579689495789116678e-35 4.579689495789116678e-35 4.579689495789116678e-35 4.579689495789116678e-35 4.579689495789116678e-35 4.579689495789116678e-35 4.579689495789116678e-35 4.579689495789116678e-35 4.579689495789116678e-35 4.579689495789116678e-35
