1.317273113259594618e-101 1.317273113259594618e-101 1.317273113259594618e-101 1.317273113259594618e-101 1.317273113259594618e-101 1.317273113259594618e-101 1.317273113259594618e-101 1.317273113259594618e-101 1.317273113259594618e-101 1.317273113259594618e-101
1.317273113259594618e-101 1.317273113259594618e-101 1.317273113259594618e-101 1.317273113259594618e-101 1.317273113259594618e-101 1.317273113259594618e-101 1.317273113259594618e-101 1.317273113259594618e-101 1.317273113259594618e-101 1.317273113259594618e-101
1.317273113259594618e-101 1.317273113259594618e-101 1.317273113259594618e-101 1.317273113259594618e-101 1.317273113259594618e-101 1.317273113259594618e-101 1.317273113259594618e-101 1.317273113259594618e-101 1.317273113259594618e-101 1.317273113259594618e-101
1.317273113259594618e-101 1.317273113259594618e-101 1.317273113259594618e-101 1.317273113259594618e-101 1.317273113259594618e-101 1.317273113259594618e-101 1.317273113259594618e-101 1.317273113259594618e-101 1.317273113259594618e-101 1.317273113259594618e-101
1.317273113259594618e-101 1.317273113259594618e-101 1.317273113259594618e-101 1.317273113259594618e-101 1.317273113259594618e-101 1.317273113259594618e-101 1.317273113259594618e-101 1.317273113259594618e-101 1.317273113259594618e-101 1.317273113259594618e-101
1.317273113259594618e-101 1.317273113259594618e-101 1.317273113259594618e-101 1.317273113259594618e-101 1.317273113259594618e-101 1.317273113259594618e-101 1.317273113259594618e-101 1.317273113259594618e-101 1.317273113259594618e-101 1.317273113259594618e-101
1.317273113259594618e-101 1.317273113259594618e-101 1.317273113259594618e-101 1.317273113259594618e-101 1.317273113259594618e-101 1.317273113259594618e-101 1.317273113259594618e-101 1.317273113259594618e-101 1.317273113259594618e-101 1.317273113259594618e-101
1.317273113259594618e-101 1.317273113259594618e-101 1.317273113259594618e-101 1.317273113259594618e-101 1.317273113259594618e-101 1.317273113259594618e-101 1.317273113259594618e-101 1.317273113259594618e-101 1.317273113259594618e-101 1.317273113259594618e-101
1.317273113259594618e-101 1.317273113259594618e-101 1.317273113259594618e-101 1.317273113259594618e-101 1.317273113259594618e-101 1.317273113259594618e-101 1.317273113259594618e-101 1.317273113259594618e-101 1.317273113259594618e-101 1.317273113259594618e-101
1.317273113259594618e-101 1.317273113259594618e-101 1.317273113259594618e-101 1.317273113259594618e-101 1.317273113259594618e-101 1.317273113259594618e-101 1.317273113259594618e-101 1.317273113259594618e-101 1.317273113259594618e-101 1.317273113259594618e-101
