3.170234076079505182e-03 3.170234076079505182e-03 3.170234076079505182e-03 3.170234076079505182e-03 3.170234076079505182e-03 3.170234076079505182e-03 3.170234076079505182e-03 3.170234076079505182e-03 3.170234076079505182e-03 3.170234076079505182e-03
3.170234076079505182e-03 3.170234076079505182e-03 3.170234076079505182e-03 3.170234076079505182e-03 3.170234076079505182e-03 3.170234076079505182e-03 3.170234076079505182e-03 3.170234076079505182e-03 3.170234076079505182e-03 3.170234076079505182e-03
3.170234076079505182e-03 3.170234076079505182e-03 3.170234076079505182e-03 3.170234076079505182e-03 3.170234076079505182e-03 3.170234076079505182e-03 3.170234076079505182e-03 3.170234076079505182e-03 3.170234076079505182e-03 3.170234076079505182e-03
3.170234076079505182e-03 3.170234076079505182e-03 3.170234076079505182e-03 3.170234076079505182e-03 3.170234076079505182e-03 3.170234076079505182e-03 3.170234076079505182e-03 3.170234076079505182e-03 3.170234076079505182e-03 3.170234076079505182e-03
3.170234076079505182e-03 3.170234076079505182e-03 3.170234076079505182e-03 3.170234076079505182e-03 3.170234076079505182e-03 3.170234076079505182e-03 3.170234076079505182e-03 3.170234076079505182e-03 3.170234076079505182e-03 3.170234076079505182e-03
3.170234076079505182e-03 3.170234076079505182e-03 3.170234076079505182e-03 3.170234076079505182e-03 3.170234076079505182e-03 3.170234076079505182e-03 3.170234076079505182e-03 3.170234076079505182e-03 3.170234076079505182e-03 3.170234076079505182e-03
3.170234076079505182e-03 3.170234076079505182e-03 3.170234076079505182e-03 3.170234076079505182e-03 3.170234076079505182e-03 3.170234076079505182e-03 3.170234076079505182e-03 3.170234076079505182e-03 3.170234076079505182e-03 3.170234076079505182e-03
3.170234076079505182e-03 3.170234076079505182e-03 3.170234076079505182e-03 3.170234076079505182e-03 3.170234076079505182e-03 3.170234076079505182e-03 3.170234076079505182e-03 3.170234076079505182e-03 3.170234076079505182e-03 3.170234076079505182e-03
3.170234076079505182e-03 3.170234076079505182e-03 3.170234076079505182e-03 3.170234076079505182e-03 3.170234076079505182e-03 3.170234076079505182e-03 3.170234076079505182e-03 3.170234076079505182e-03 3.170234076079505182e-03 3.170234076079505182e-03
3.170234076079505182e-03 3.170234076079505182e-03 3.170234076079505182e-03 3.170234076079505182e-03 3.170234076079505182e-03 3.170234076079505182e-03 3.170234076079505182e-03 3.170234076079505182e-03 3.170234076079505182e-03 3.170234076079505182e-03
