3.221118100387453803e-02 3.221118100387453803e-02 3.221118100387453803e-02 3.221118100387453803e-02 3.221118100387453803e-02 3.221118100387453803e-02 3.221118100387453803e-02 3.221118100387453803e-02 3.221118100387453803e-02 3.221118100387453803e-02
3.221118100387453803e-02 3.221118100387453803e-02 3.221118100387453803e-02 3.221118100387453803e-02 3.221118100387453803e-02 3.221118100387453803e-02 3.221118100387453803e-02 3.221118100387453803e-02 3.221118100387453803e-02 3.221118100387453803e-02
3.221118100387453803e-02 3.221118100387453803e-02 3.221118100387453803e-02 3.221118100387453803e-02 3.221118100387453803e-02 3.221118100387453803e-02 3.221118100387453803e-02 3.221118100387453803e-02 3.221118100387453803e-02 3.221118100387453803e-02
3.221118100387453803e-02 3.221118100387453803e-02 3.221118100387453803e-02 3.221118100387453803e-02 3.221118100387453803e-02 3.221118100387453803e-02 3.221118100387453803e-02 3.221118100387453803e-02 3.221118100387453803e-02 3.221118100387453803e-02
3.221118100387453803e-02 3.221118100387453803e-02 3.221118100387453803e-02 3.221118100387453803e-02 3.221118100387453803e-02 3.221118100387453803e-02 3.221118100387453803e-02 3.221118100387453803e-02 3.221118100387453803e-02 3.221118100387453803e-02
3.221118100387453803e-02 3.221118100387453803e-02 3.221118100387453803e-02 3.221118100387453803e-02 3.221118100387453803e-02 3.221118100387453803e-02 3.221118100387453803e-02 3.221118100387453803e-02 3.221118100387453803e-02 3.221118100387453803e-02
3.221118100387453803e-02 3.221118100387453803e-02 3.221118100387453803e-02 3.221118100387453803e-02 3.221118100387453803e-02 3.221118100387453803e-02 3.221118100387453803e-02 3.221118100387453803e-02 3.221118100387453803e-02 3.221118100387453803e-02
3.221118100387453803e-02 3.221118100387453803e-02 3.221118100387453803e-02 3.221118100387453803e-02 3.221118100387453803e-02 3.221118100387453803e-02 3.221118100387453803e-02 3.221118100387453803e-02 3.221118100387453803e-02 3.221118100387453803e-02
3.221118100387453803e-02 3.221118100387453803e-02 3.221118100387453803e-02 3.221118100387453803e-02 3.221118100387453803e-02 3.221118100387453803e-02 3.221118100387453803e-02 3.221118100387453803e-02 3.221118100387453803e-02 3.221118100387453803e-02
3.221118100387453803e-02 3.221118100387453803e-02 3.221118100387453803e-02 3.221118100387453803e-02 3.221118100387453803e-02 3.221118100387453803e-02 3.221118100387453803e-02 3.221118100387453803e-02 3.221118100387453803e-02 3.221118100387453803e-02
