1.010529483237613928e-02 1.010529483237613928e-02 1.010529483237613928e-02 1.010529483237613928e-02 1.010529483237613928e-02 1.010529483237613928e-02 1.010529483237613928e-02 1.010529483237613928e-02 1.010529483237613928e-02 1.010529483237613928e-02
1.010529483237613928e-02 1.010529483237613928e-02 1.010529483237613928e-02 1.010529483237613928e-02 1.010529483237613928e-02 1.010529483237613928e-02 1.010529483237613928e-02 1.010529483237613928e-02 1.010529483237613928e-02 1.010529483237613928e-02
1.010529483237613928e-02 1.010529483237613928e-02 1.010529483237613928e-02 1.010529483237613928e-02 1.010529483237613928e-02 1.010529483237613928e-02 1.010529483237613928e-02 1.010529483237613928e-02 1.010529483237613928e-02 1.010529483237613928e-02
1.010529483237613928e-02 1.010529483237613928e-02 1.010529483237613928e-02 1.010529483237613928e-02 1.010529483237613928e-02 1.010529483237613928e-02 1.010529483237613928e-02 1.010529483237613928e-02 1.010529483237613928e-02 1.010529483237613928e-02
1.010529483237613928e-02 1.010529483237613928e-02 1.010529483237613928e-02 1.010529483237613928e-02 1.010529483237613928e-02 1.010529483237613928e-02 1.010529483237613928e-02 1.010529483237613928e-02 1.010529483237613928e-02 1.010529483237613928e-02
1.010529483237613928e-02 1.010529483237613928e-02 1.010529483237613928e-02 1.010529483237613928e-02 1.010529483237613928e-02 1.010529483237613928e-02 1.010529483237613928e-02 1.010529483237613928e-02 1.010529483237613928e-02 1.010529483237613928e-02
1.010529483237613928e-02 1.010529483237613928e-02 1.010529483237613928e-02 1.010529483237613928e-02 1.010529483237613928e-02 1.010529483237613928e-02 1.010529483237613928e-02 1.010529483237613928e-02 1.010529483237613928e-02 1.010529483237613928e-02
1.010529483237613928e-02 1.010529483237613928e-02 1.010529483237613928e-02 1.010529483237613928e-02 1.010529483237613928e-02 1.010529483237613928e-02 1.010529483237613928e-02 1.010529483237613928e-02 1.010529483237613928e-02 1.010529483237613928e-02
1.010529483237613928e-02 1.010529483237613928e-02 1.010529483237613928e-02 1.010529483237613928e-02 1.010529483237613928e-02 1.010529483237613928e-02 1.010529483237613928e-02 1.010529483237613928e-02 1.010529483237613928e-02 1.010529483237613928e-02
1.010529483237613928e-02 1.010529483237613928e-02 1.010529483237613928e-02 1.010529483237613928e-02 1.010529483237613928e-02 1.010529483237613928e-02 1.010529483237613928e-02 1.010529483237613928e-02 1.010529483237613928e-02 1.010529483237613928e-02
