3.272818841653088451e-01 3.272818841653088451e-01 3.272818841653088451e-01 3.272818841653088451e-01 3.272818841653088451e-01 3.272818841653088451e-01 3.272818841653088451e-01 3.272818841653088451e-01 3.272818841653088451e-01 3.272818841653088451e-01
3.272818841653088451e-01 3.272818841653088451e-01 3.272818841653088451e-01 3.272818841653088451e-01 3.272818841653088451e-01 3.272818841653088451e-01 3.272818841653088451e-01 3.272818841653088451e-01 3.272818841653088451e-01 3.272818841653088451e-01
3.272818841653088451e-01 3.272818841653088451e-01 3.272818841653088451e-01 3.272818841653088451e-01 3.272818841653088451e-01 3.272818841653088451e-01 3.272818841653088451e-01 3.272818841653088451e-01 3.272818841653088451e-01 3.272818841653088451e-01
3.272818841653088451e-01 3.272818841653088451e-01 3.272818841653088451e-01 3.272818841653088451e-01 3.272818841653088451e-01 3.272818841653088451e-01 3.272818841653088451e-01 3.272818841653088451e-01 3.272818841653088451e-01 3.272818841653088451e-01
3.272818841653088451e-01 3.272818841653088451e-01 3.272818841653088451e-01 3.272818841653088451e-01 3.272818841653088451e-01 3.272818841653088451e-01 3.272818841653088451e-01 3.272818841653088451e-01 3.272818841653088451e-01 3.272818841653088451e-01
3.272818841653088451e-01 3.272818841653088451e-01 3.272818841653088451e-01 3.272818841653088451e-01 3.272818841653088451e-01 3.272818841653088451e-01 3.272818841653088451e-01 3.272818841653088451e-01 3.272818841653088451e-01 3.272818841653088451e-01
3.272818841653088451e-01 3.272818841653088451e-01 3.272818841653088451e-01 3.272818841653088451e-01 3.272818841653088451e-01 3.272818841653088451e-01 3.272818841653088451e-01 3.272818841653088451e-01 3.272818841653088451e-01 3.272818841653088451e-01
3.272818841653088451e-01 3.272818841653088451e-01 3.272818841653088451e-01 3.272818841653088451e-01 3.272818841653088451e-01 3.272818841653088451e-01 3.272818841653088451e-01 3.272818841653088451e-01 3.272818841653088451e-01 3.272818841653088451e-01
3.272818841653088451e-01 3.272818841653088451e-01 3.272818841653088451e-01 3.272818841653088451e-01 3.272818841653088451e-01 3.272818841653088451e-01 3.272818841653088451e-01 3.272818841653088451e-01 3.272818841653088451e-01 3.272818841653088451e-01
3.272818841653088451e-01 3.272818841653088451e-01 3.272818841653088451e-01 3.272818841653088451e-01 3.272818841653088451e-01 3.272818841653088451e-01 3.272818841653088451e-01 3.272818841653088451e-01 3.272818841653088451e-01 3.272818841653088451e-01
