1.026749044807827443e-01 1.026749044807827443e-01 1.026749044807827443e-01 1.026749044807827443e-01 1.026749044807827443e-01 1.026749044807827443e-01 1.026749044807827443e-01 1.026749044807827443e-01 1.026749044807827443e-01 1.026749044807827443e-01
1.026749044807827443e-01 1.026749044807827443e-01 1.026749044807827443e-01 1.026749044807827443e-01 1.026749044807827443e-01 1.026749044807827443e-01 1.026749044807827443e-01 1.026749044807827443e-01 1.026749044807827443e-01 1.026749044807827443e-01
1.026749044807827443e-01 1.026749044807827443e-01 1.026749044807827443e-01 1.026749044807827443e-01 1.026749044807827443e-01 1.026749044807827443e-01 1.026749044807827443e-01 1.026749044807827443e-01 1.026749044807827443e-01 1.026749044807827443e-01
1.026749044807827443e-01 1.026749044807827443e-01 1.026749044807827443e-01 1.026749044807827443e-01 1.026749044807827443e-01 1.026749044807827443e-01 1.026749044807827443e-01 1.026749044807827443e-01 1.026749044807827443e-01 1.026749044807827443e-01
1.026749044807827443e-01 1.026749044807827443e-01 1.026749044807827443e-01 1.026749044807827443e-01 1.026749044807827443e-01 1.026749044807827443e-01 1.026749044807827443e-01 1.026749044807827443e-01 1.026749044807827443e-01 1.026749044807827443e-01
1.026749044807827443e-01 1.026749044807827443e-01 1.026749044807827443e-01 1.026749044807827443e-01 1.026749044807827443e-01 1.026749044807827443e-01 1.026749044807827443e-01 1.026749044807827443e-01 1.026749044807827443e-01 1.026749044807827443e-01
1.026749044807827443e-01 1.026749044807827443e-01 1.026749044807827443e-01 1.026749044807827443e-01 1.026749044807827443e-01 1.026749044807827443e-01 1.026749044807827443e-01 1.026749044807827443e-01 1.026749044807827443e-01 1.026749044807827443e-01
1.026749044807827443e-01 1.026749044807827443e-01 1.026749044807827443e-01 1.026749044807827443e-01 1.026749044807827443e-01 1.026749044807827443e-01 1.026749044807827443e-01 1.026749044807827443e-01 1.026749044807827443e-01 1.026749044807827443e-01
1.026749044807827443e-01 1.026749044807827443e-01 1.026749044807827443e-01 1.026749044807827443e-01 1.026749044807827443e-01 1.026749044807827443e-01 1.026749044807827443e-01 1.026749044807827443e-01 1.026749044807827443e-01 1.026749044807827443e-01
1.026749044807827443e-01 1.026749044807827443e-01 1.026749044807827443e-01 1.026749044807827443e-01 1.026749044807827443e-01 1.026749044807827443e-01 1.026749044807827443e-01 1.026749044807827443e-01 1.026749044807827443e-01 1.026749044807827443e-01
