9.680047400385127787e-01 9.680047400385127787e-01 9.680047400385127787e-01 9.680047400385127787e-01 9.680047400385127787e-01 9.680047400385127787e-01 9.680047400385127787e-01 9.680047400385127787e-01 9.680047400385127787e-01 9.680047400385127787e-01
9.680047400385127787e-01 9.680047400385127787e-01 9.680047400385127787e-01 9.680047400385127787e-01 9.680047400385127787e-01 9.680047400385127787e-01 9.680047400385127787e-01 9.680047400385127787e-01 9.680047400385127787e-01 9.680047400385127787e-01
9.680047400385127787e-01 9.680047400385127787e-01 9.680047400385127787e-01 9.680047400385127787e-01 9.680047400385127787e-01 9.680047400385127787e-01 9.680047400385127787e-01 9.680047400385127787e-01 9.680047400385127787e-01 9.680047400385127787e-01
9.680047400385127787e-01 9.680047400385127787e-01 9.680047400385127787e-01 9.680047400385127787e-01 9.680047400385127787e-01 9.680047400385127787e-01 9.680047400385127787e-01 9.680047400385127787e-01 9.680047400385127787e-01 9.680047400385127787e-01
9.680047400385127787e-01 9.680047400385127787e-01 9.680047400385127787e-01 9.680047400385127787e-01 9.680047400385127787e-01 9.680047400385127787e-01 9.680047400385127787e-01 9.680047400385127787e-01 9.680047400385127787e-01 9.680047400385127787e-01
9.680047400385127787e-01 9.680047400385127787e-01 9.680047400385127787e-01 9.680047400385127787e-01 9.680047400385127787e-01 9.680047400385127787e-01 9.680047400385127787e-01 9.680047400385127787e-01 9.680047400385127787e-01 9.680047400385127787e-01
9.680047400385127787e-01 9.680047400385127787e-01 9.680047400385127787e-01 9.680047400385127787e-01 9.680047400385127787e-01 9.680047400385127787e-01 9.680047400385127787e-01 9.680047400385127787e-01 9.680047400385127787e-01 9.680047400385127787e-01
9.680047400385127787e-01 9.680047400385127787e-01 9.680047400385127787e-01 9.680047400385127787e-01 9.680047400385127787e-01 9.680047400385127787e-01 9.680047400385127787e-01 9.680047400385127787e-01 9.680047400385127787e-01 9.680047400385127787e-01
9.680047400385127787e-01 9.680047400385127787e-01 9.680047400385127787e-01 9.680047400385127787e-01 9.680047400385127787e-01 9.680047400385127787e-01 9.680047400385127787e-01 9.680047400385127787e-01 9.680047400385127787e-01 9.680047400385127787e-01
9.680047400385127787e-01 9.680047400385127787e-01 9.680047400385127787e-01 9.680047400385127787e-01 9.680047400385127787e-01 9.680047400385127787e-01 9.680047400385127787e-01 9.680047400385127787e-01 9.680047400385127787e-01 9.680047400385127787e-01
