8.478243389919210005e-01 8.478243389919210005e-01 8.478243389919210005e-01 8.478243389919210005e-01 8.478243389919210005e-01 8.478243389919210005e-01 8.478243389919210005e-01 8.478243389919210005e-01 8.478243389919210005e-01 8.478243389919210005e-01
8.478243389919210005e-01 8.478243389919210005e-01 8.478243389919210005e-01 8.478243389919210005e-01 8.478243389919210005e-01 8.478243389919210005e-01 8.478243389919210005e-01 8.478243389919210005e-01 8.478243389919210005e-01 8.478243389919210005e-01
8.478243389919210005e-01 8.478243389919210005e-01 8.478243389919210005e-01 8.478243389919210005e-01 8.478243389919210005e-01 8.478243389919210005e-01 8.478243389919210005e-01 8.478243389919210005e-01 8.478243389919210005e-01 8.478243389919210005e-01
8.478243389919210005e-01 8.478243389919210005e-01 8.478243389919210005e-01 8.478243389919210005e-01 8.478243389919210005e-01 8.478243389919210005e-01 8.478243389919210005e-01 8.478243389919210005e-01 8.478243389919210005e-01 8.478243389919210005e-01
8.478243389919210005e-01 8.478243389919210005e-01 8.478243389919210005e-01 8.478243389919210005e-01 8.478243389919210005e-01 8.478243389919210005e-01 8.478243389919210005e-01 8.478243389919210005e-01 8.478243389919210005e-01 8.478243389919210005e-01
8.478243389919210005e-01 8.478243389919210005e-01 8.478243389919210005e-01 8.478243389919210005e-01 8.478243389919210005e-01 8.478243389919210005e-01 8.478243389919210005e-01 8.478243389919210005e-01 8.478243389919210005e-01 8.478243389919210005e-01
8.478243389919210005e-01 8.478243389919210005e-01 8.478243389919210005e-01 8.478243389919210005e-01 8.478243389919210005e-01 8.478243389919210005e-01 8.478243389919210005e-01 8.478243389919210005e-01 8.478243389919210005e-01 8.478243389919210005e-01
8.478243389919210005e-01 8.478243389919210005e-01 8.478243389919210005e-01 8.478243389919210005e-01 8.478243389919210005e-01 8.478243389919210005e-01 8.478243389919210005e-01 8.478243389919210005e-01 8.478243389919210005e-01 8.478243389919210005e-01
8.478243389919210005e-01 8.478243389919210005e-01 8.478243389919210005e-01 8.478243389919210005e-01 8.478243389919210005e-01 8.478243389919210005e-01 8.478243389919210005e-01 8.478243389919210005e-01 8.478243389919210005e-01 8.478243389919210005e-01
8.478243389919210005e-01 8.478243389919210005e-01 8.478243389919210005e-01 8.478243389919210005e-01 8.478243389919210005e-01 8.478243389919210005e-01 8.478243389919210005e-01 8.478243389919210005e-01 8.478243389919210005e-01 8.478243389919210005e-01
