7.425646590929808610e-01 7.425646590929808610e-01 7.425646590929808610e-01 7.425646590929808610e-01 7.425646590929808610e-01 7.425646590929808610e-01 7.425646590929808610e-01 7.425646590929808610e-01 7.425646590929808610e-01 7.425646590929808610e-01
7.425646590929808610e-01 7.425646590929808610e-01 7.425646590929808610e-01 7.425646590929808610e-01 7.425646590929808610e-01 7.425646590929808610e-01 7.425646590929808610e-01 7.425646590929808610e-01 7.425646590929808610e-01 7.425646590929808610e-01
7.425646590929808610e-01 7.425646590929808610e-01 7.425646590929808610e-01 7.425646590929808610e-01 7.425646590929808610e-01 7.425646590929808610e-01 7.425646590929808610e-01 7.425646590929808610e-01 7.425646590929808610e-01 7.425646590929808610e-01
7.425646590929808610e-01 7.425646590929808610e-01 7.425646590929808610e-01 7.425646590929808610e-01 7.425646590929808610e-01 7.425646590929808610e-01 7.425646590929808610e-01 7.425646590929808610e-01 7.425646590929808610e-01 7.425646590929808610e-01
7.425646590929808610e-01 7.425646590929808610e-01 7.425646590929808610e-01 7.425646590929808610e-01 7.425646590929808610e-01 7.425646590929808610e-01 7.425646590929808610e-01 7.425646590929808610e-01 7.425646590929808610e-01 7.425646590929808610e-01
7.425646590929808610e-01 7.425646590929808610e-01 7.425646590929808610e-01 7.425646590929808610e-01 7.425646590929808610e-01 7.425646590929808610e-01 7.425646590929808610e-01 7.425646590929808610e-01 7.425646590929808610e-01 7.425646590929808610e-01
7.425646590929808610e-01 7.425646590929808610e-01 7.425646590929808610e-01 7.425646590929808610e-01 7.425646590929808610e-01 7.425646590929808610e-01 7.425646590929808610e-01 7.425646590929808610e-01 7.425646590929808610e-01 7.425646590929808610e-01
7.425646590929808610e-01 7.425646590929808610e-01 7.425646590929808610e-01 7.425646590929808610e-01 7.425646590929808610e-01 7.425646590929808610e-01 7.425646590929808610e-01 7.425646590929808610e-01 7.425646590929808610e-01 7.425646590929808610e-01
7.425646590929808610e-01 7.425646590929808610e-01 7.425646590929808610e-01 7.425646590929808610e-01 7.425646590929808610e-01 7.425646590929808610e-01 7.425646590929808610e-01 7.425646590929808610e-01 7.425646590929808610e-01 7.425646590929808610e-01
7.425646590929808610e-01 7.425646590929808610e-01 7.425646590929808610e-01 7.425646590929808610e-01 7.425646590929808610e-01 7.425646590929808610e-01 7.425646590929808610e-01 7.425646590929808610e-01 7.425646590929808610e-01 7.425646590929808610e-01
