6.503732525413253862e-01 6.503732525413253862e-01 6.503732525413253862e-01 6.503732525413253862e-01 6.503732525413253862e-01 6.503732525413253862e-01 6.503732525413253862e-01 6.503732525413253862e-01 6.503732525413253862e-01 6.503732525413253862e-01
6.503732525413253862e-01 6.503732525413253862e-01 6.503732525413253862e-01 6.503732525413253862e-01 6.503732525413253862e-01 6.503732525413253862e-01 6.503732525413253862e-01 6.503732525413253862e-01 6.503732525413253862e-01 6.503732525413253862e-01
6.503732525413253862e-01 6.503732525413253862e-01 6.503732525413253862e-01 6.503732525413253862e-01 6.503732525413253862e-01 6.503732525413253862e-01 6.503732525413253862e-01 6.503732525413253862e-01 6.503732525413253862e-01 6.503732525413253862e-01
6.503732525413253862e-01 6.503732525413253862e-01 6.503732525413253862e-01 6.503732525413253862e-01 6.503732525413253862e-01 6.503732525413253862e-01 6.503732525413253862e-01 6.503732525413253862e-01 6.503732525413253862e-01 6.503732525413253862e-01
6.503732525413253862e-01 6.503732525413253862e-01 6.503732525413253862e-01 6.503732525413253862e-01 6.503732525413253862e-01 6.503732525413253862e-01 6.503732525413253862e-01 6.503732525413253862e-01 6.503732525413253862e-01 6.503732525413253862e-01
6.503732525413253862e-01 6.503732525413253862e-01 6.503732525413253862e-01 6.503732525413253862e-01 6.503732525413253862e-01 6.503732525413253862e-01 6.503732525413253862e-01 6.503732525413253862e-01 6.503732525413253862e-01 6.503732525413253862e-01
6.503732525413253862e-01 6.503732525413253862e-01 6.503732525413253862e-01 6.503732525413253862e-01 6.503732525413253862e-01 6.503732525413253862e-01 6.503732525413253862e-01 6.503732525413253862e-01 6.503732525413253862e-01 6.503732525413253862e-01
6.503732525413253862e-01 6.503732525413253862e-01 6.503732525413253862e-01 6.503732525413253862e-01 6.503732525413253862e-01 6.503732525413253862e-01 6.503732525413253862e-01 6.503732525413253862e-01 6.503732525413253862e-01 6.503732525413253862e-01
6.503732525413253862e-01 6.503732525413253862e-01 6.503732525413253862e-01 6.503732525413253862e-01 6.503732525413253862e-01 6.503732525413253862e-01 6.503732525413253862e-01 6.503732525413253862e-01 6.503732525413253862e-01 6.503732525413253862e-01
6.503732525413253862e-01 6.503732525413253862e-01 6.503732525413253862e-01 6.503732525413253862e-01 6.503732525413253862e-01 6.503732525413253862e-01 6.503732525413253862e-01 6.503732525413253862e-01 6.503732525413253862e-01 6.503732525413253862e-01
