5.696276579306180921e-01 5.696276579306180921e-01 5.696276579306180921e-01 5.696276579306180921e-01 5.696276579306180921e-01 5.696276579306180921e-01 5.696276579306180921e-01 5.696276579306180921e-01 5.696276579306180921e-01 5.696276579306180921e-01
5.696276579306180921e-01 5.696276579306180921e-01 5.696276579306180921e-01 5.696276579306180921e-01 5.696276579306180921e-01 5.696276579306180921e-01 5.696276579306180921e-01 5.696276579306180921e-01 5.696276579306180921e-01 5.696276579306180921e-01
5.696276579306180921e-01 5.696276579306180921e-01 5.696276579306180921e-01 5.696276579306180921e-01 5.696276579306180921e-01 5.696276579306180921e-01 5.696276579306180921e-01 5.696276579306180921e-01 5.696276579306180921e-01 5.696276579306180921e-01
5.696276579306180921e-01 5.696276579306180921e-01 5.696276579306180921e-01 5.696276579306180921e-01 5.696276579306180921e-01 5.696276579306180921e-01 5.696276579306180921e-01 5.696276579306180921e-01 5.696276579306180921e-01 5.696276579306180921e-01
5.696276579306180921e-01 5.696276579306180921e-01 5.696276579306180921e-01 5.696276579306180921e-01 5.696276579306180921e-01 5.696276579306180921e-01 5.696276579306180921e-01 5.696276579306180921e-01 5.696276579306180921e-01 5.696276579306180921e-01
5.696276579306180921e-01 5.696276579306180921e-01 5.696276579306180921e-01 5.696276579306180921e-01 5.696276579306180921e-01 5.696276579306180921e-01 5.696276579306180921e-01 5.696276579306180921e-01 5.696276579306180921e-01 5.696276579306180921e-01
5.696276579306180921e-01 5.696276579306180921e-01 5.696276579306180921e-01 5.696276579306180921e-01 5.696276579306180921e-01 5.696276579306180921e-01 5.696276579306180921e-01 5.696276579306180921e-01 5.696276579306180921e-01 5.696276579306180921e-01
5.696276579306180921e-01 5.696276579306180921e-01 5.696276579306180921e-01 5.696276579306180921e-01 5.696276579306180921e-01 5.696276579306180921e-01 5.696276579306180921e-01 5.696276579306180921e-01 5.696276579306180921e-01 5.696276579306180921e-01
5.696276579306180921e-01 5.696276579306180921e-01 5.696276579306180921e-01 5.696276579306180921e-01 5.696276579306180921e-01 5.696276579306180921e-01 5.696276579306180921e-01 5.696276579306180921e-01 5.696276579306180921e-01 5.696276579306180921e-01
5.696276579306180921e-01 5.696276579306180921e-01 5.696276579306180921e-01 5.696276579306180921e-01 5.696276579306180921e-01 5.696276579306180921e-01 5.696276579306180921e-01 5.696276579306180921e-01 5.696276579306180921e-01 5.696276579306180921e-01
