7.012027255760910904e-01 7.012027255760910904e-01 7.012027255760910904e-01 7.012027255760910904e-01 7.012027255760910904e-01 7.012027255760910904e-01 7.012027255760910904e-01 7.012027255760910904e-01 7.012027255760910904e-01 7.012027255760910904e-01
7.012027255760910904e-01 7.012027255760910904e-01 7.012027255760910904e-01 7.012027255760910904e-01 7.012027255760910904e-01 7.012027255760910904e-01 7.012027255760910904e-01 7.012027255760910904e-01 7.012027255760910904e-01 7.012027255760910904e-01
7.012027255760910904e-01 7.012027255760910904e-01 7.012027255760910904e-01 7.012027255760910904e-01 7.012027255760910904e-01 7.012027255760910904e-01 7.012027255760910904e-01 7.012027255760910904e-01 7.012027255760910904e-01 7.012027255760910904e-01
7.012027255760910904e-01 7.012027255760910904e-01 7.012027255760910904e-01 7.012027255760910904e-01 7.012027255760910904e-01 7.012027255760910904e-01 7.012027255760910904e-01 7.012027255760910904e-01 7.012027255760910904e-01 7.012027255760910904e-01
7.012027255760910904e-01 7.012027255760910904e-01 7.012027255760910904e-01 7.012027255760910904e-01 7.012027255760910904e-01 7.012027255760910904e-01 7.012027255760910904e-01 7.012027255760910904e-01 7.012027255760910904e-01 7.012027255760910904e-01
7.012027255760910904e-01 7.012027255760910904e-01 7.012027255760910904e-01 7.012027255760910904e-01 7.012027255760910904e-01 7.012027255760910904e-01 7.012027255760910904e-01 7.012027255760910904e-01 7.012027255760910904e-01 7.012027255760910904e-01
7.012027255760910904e-01 7.012027255760910904e-01 7.012027255760910904e-01 7.012027255760910904e-01 7.012027255760910904e-01 7.012027255760910904e-01 7.012027255760910904e-01 7.012027255760910904e-01 7.012027255760910904e-01 7.012027255760910904e-01
7.012027255760910904e-01 7.012027255760910904e-01 7.012027255760910904e-01 7.012027255760910904e-01 7.012027255760910904e-01 7.012027255760910904e-01 7.012027255760910904e-01 7.012027255760910904e-01 7.012027255760910904e-01 7.012027255760910904e-01
7.012027255760910904e-01 7.012027255760910904e-01 7.012027255760910904e-01 7.012027255760910904e-01 7.012027255760910904e-01 7.012027255760910904e-01 7.012027255760910904e-01 7.012027255760910904e-01 7.012027255760910904e-01 7.012027255760910904e-01
7.012027255760910904e-01 7.012027255760910904e-01 7.012027255760910904e-01 7.012027255760910904e-01 7.012027255760910904e-01 7.012027255760910904e-01 7.012027255760910904e-01 7.012027255760910904e-01 7.012027255760910904e-01 7.012027255760910904e-01
