6.229570819451739627e-01 6.229570819451739627e-01 6.229570819451739627e-01 6.229570819451739627e-01 6.229570819451739627e-01 6.229570819451739627e-01 6.229570819451739627e-01 6.229570819451739627e-01 6.229570819451739627e-01 6.229570819451739627e-01
6.229570819451739627e-01 6.229570819451739627e-01 6.229570819451739627e-01 6.229570819451739627e-01 6.229570819451739627e-01 6.229570819451739627e-01 6.229570819451739627e-01 6.229570819451739627e-01 6.229570819451739627e-01 6.229570819451739627e-01
6.229570819451739627e-01 6.229570819451739627e-01 6.229570819451739627e-01 6.229570819451739627e-01 6.229570819451739627e-01 6.229570819451739627e-01 6.229570819451739627e-01 6.229570819451739627e-01 6.229570819451739627e-01 6.229570819451739627e-01
6.229570819451739627e-01 6.229570819451739627e-01 6.229570819451739627e-01 6.229570819451739627e-01 6.229570819451739627e-01 6.229570819451739627e-01 6.229570819451739627e-01 6.229570819451739627e-01 6.229570819451739627e-01 6.229570819451739627e-01
6.229570819451739627e-01 6.229570819451739627e-01 6.229570819451739627e-01 6.229570819451739627e-01 6.229570819451739627e-01 6.229570819451739627e-01 6.229570819451739627e-01 6.229570819451739627e-01 6.229570819451739627e-01 6.229570819451739627e-01
6.229570819451739627e-01 6.229570819451739627e-01 6.229570819451739627e-01 6.229570819451739627e-01 6.229570819451739627e-01 6.229570819451739627e-01 6.229570819451739627e-01 6.229570819451739627e-01 6.229570819451739627e-01 6.229570819451739627e-01
6.229570819451739627e-01 6.229570819451739627e-01 6.229570819451739627e-01 6.229570819451739627e-01 6.229570819451739627e-01 6.229570819451739627e-01 6.229570819451739627e-01 6.229570819451739627e-01 6.229570819451739627e-01 6.229570819451739627e-01
6.229570819451739627e-01 6.229570819451739627e-01 6.229570819451739627e-01 6.229570819451739627e-01 6.229570819451739627e-01 6.229570819451739627e-01 6.229570819451739627e-01 6.229570819451739627e-01 6.229570819451739627e-01 6.229570819451739627e-01
6.229570819451739627e-01 6.229570819451739627e-01 6.229570819451739627e-01 6.229570819451739627e-01 6.229570819451739627e-01 6.229570819451739627e-01 6.229570819451739627e-01 6.229570819451739627e-01 6.229570819451739627e-01 6.229570819451739627e-01
6.229570819451739627e-01 6.229570819451739627e-01 6.229570819451739627e-01 6.229570819451739627e-01 6.229570819451739627e-01 6.229570819451739627e-01 6.229570819451739627e-01 6.229570819451739627e-01 6.229570819451739627e-01 6.229570819451739627e-01
