7.892763026628722978e-01 7.892763026628722978e-01 7.892763026628722978e-01 7.892763026628722978e-01 7.892763026628722978e-01 7.892763026628722978e-01 7.892763026628722978e-01 7.892763026628722978e-01 7.892763026628722978e-01 7.892763026628722978e-01
7.892763026628722978e-01 7.892763026628722978e-01 7.892763026628722978e-01 7.892763026628722978e-01 7.892763026628722978e-01 7.892763026628722978e-01 7.892763026628722978e-01 7.892763026628722978e-01 7.892763026628722978e-01 7.892763026628722978e-01
7.892763026628722978e-01 7.892763026628722978e-01 7.892763026628722978e-01 7.892763026628722978e-01 7.892763026628722978e-01 7.892763026628722978e-01 7.892763026628722978e-01 7.892763026628722978e-01 7.892763026628722978e-01 7.892763026628722978e-01
7.892763026628722978e-01 7.892763026628722978e-01 7.892763026628722978e-01 7.892763026628722978e-01 7.892763026628722978e-01 7.892763026628722978e-01 7.892763026628722978e-01 7.892763026628722978e-01 7.892763026628722978e-01 7.892763026628722978e-01
7.892763026628722978e-01 7.892763026628722978e-01 7.892763026628722978e-01 7.892763026628722978e-01 7.892763026628722978e-01 7.892763026628722978e-01 7.892763026628722978e-01 7.892763026628722978e-01 7.892763026628722978e-01 7.892763026628722978e-01
7.892763026628722978e-01 7.892763026628722978e-01 7.892763026628722978e-01 7.892763026628722978e-01 7.892763026628722978e-01 7.892763026628722978e-01 7.892763026628722978e-01 7.892763026628722978e-01 7.892763026628722978e-01 7.892763026628722978e-01
7.892763026628722978e-01 7.892763026628722978e-01 7.892763026628722978e-01 7.892763026628722978e-01 7.892763026628722978e-01 7.892763026628722978e-01 7.892763026628722978e-01 7.892763026628722978e-01 7.892763026628722978e-01 7.892763026628722978e-01
7.892763026628722978e-01 7.892763026628722978e-01 7.892763026628722978e-01 7.892763026628722978e-01 7.892763026628722978e-01 7.892763026628722978e-01 7.892763026628722978e-01 7.892763026628722978e-01 7.892763026628722978e-01 7.892763026628722978e-01
7.892763026628722978e-01 7.892763026628722978e-01 7.892763026628722978e-01 7.892763026628722978e-01 7.892763026628722978e-01 7.892763026628722978e-01 7.892763026628722978e-01 7.892763026628722978e-01 7.892763026628722978e-01 7.892763026628722978e-01
7.892763026628722978e-01 7.892763026628722978e-01 7.892763026628722978e-01 7.892763026628722978e-01 7.892763026628722978e-01 7.892763026628722978e-01 7.892763026628722978e-01 7.892763026628722978e-01 7.892763026628722978e-01 7.892763026628722978e-01
