8.884122368939276759e-01 8.884122368939276759e-01 8.884122368939276759e-01 8.884122368939276759e-01 8.884122368939276759e-01 8.884122368939276759e-01 8.884122368939276759e-01 8.884122368939276759e-01 8.884122368939276759e-01 8.884122368939276759e-01
8.884122368939276759e-01 8.884122368939276759e-01 8.884122368939276759e-01 8.884122368939276759e-01 8.884122368939276759e-01 8.884122368939276759e-01 8.884122368939276759e-01 8.884122368939276759e-01 8.884122368939276759e-01 8.884122368939276759e-01
8.884122368939276759e-01 8.884122368939276759e-01 8.884122368939276759e-01 8.884122368939276759e-01 8.884122368939276759e-01 8.884122368939276759e-01 8.884122368939276759e-01 8.884122368939276759e-01 8.884122368939276759e-01 8.884122368939276759e-01
8.884122368939276759e-01 8.884122368939276759e-01 8.884122368939276759e-01 8.884122368939276759e-01 8.884122368939276759e-01 8.884122368939276759e-01 8.884122368939276759e-01 8.884122368939276759e-01 8.884122368939276759e-01 8.884122368939276759e-01
8.884122368939276759e-01 8.884122368939276759e-01 8.884122368939276759e-01 8.884122368939276759e-01 8.884122368939276759e-01 8.884122368939276759e-01 8.884122368939276759e-01 8.884122368939276759e-01 8.884122368939276759e-01 8.884122368939276759e-01
8.884122368939276759e-01 8.884122368939276759e-01 8.884122368939276759e-01 8.884122368939276759e-01 8.884122368939276759e-01 8.884122368939276759e-01 8.884122368939276759e-01 8.884122368939276759e-01 8.884122368939276759e-01 8.884122368939276759e-01
8.884122368939276759e-01 8.884122368939276759e-01 8.884122368939276759e-01 8.884122368939276759e-01 8.884122368939276759e-01 8.884122368939276759e-01 8.884122368939276759e-01 8.884122368939276759e-01 8.884122368939276759e-01 8.884122368939276759e-01
8.884122368939276759e-01 8.884122368939276759e-01 8.884122368939276759e-01 8.884122368939276759e-01 8.884122368939276759e-01 8.884122368939276759e-01 8.884122368939276759e-01 8.884122368939276759e-01 8.884122368939276759e-01 8.884122368939276759e-01
8.884122368939276759e-01 8.884122368939276759e-01 8.884122368939276759e-01 8.884122368939276759e-01 8.884122368939276759e-01 8.884122368939276759e-01 8.884122368939276759e-01 8.884122368939276759e-01 8.884122368939276759e-01 8.884122368939276759e-01
8.884122368939276759e-01 8.884122368939276759e-01 8.884122368939276759e-01 8.884122368939276759e-01 8.884122368939276759e-01 8.884122368939276759e-01 8.884122368939276759e-01 8.884122368939276759e-01 8.884122368939276759e-01 8.884122368939276759e-01
