2.717283876673339260e-01 2.717283876673339260e-01 2.717283876673339260e-01 2.717283876673339260e-01 2.717283876673339260e-01 2.717283876673339260e-01 2.717283876673339260e-01 2.717283876673339260e-01 2.717283876673339260e-01 2.717283876673339260e-01
2.717283876673339260e-01 2.717283876673339260e-01 2.717283876673339260e-01 2.717283876673339260e-01 2.717283876673339260e-01 2.717283876673339260e-01 2.717283876673339260e-01 2.717283876673339260e-01 2.717283876673339260e-01 2.717283876673339260e-01
2.717283876673339260e-01 2.717283876673339260e-01 2.717283876673339260e-01 2.717283876673339260e-01 2.717283876673339260e-01 2.717283876673339260e-01 2.717283876673339260e-01 2.717283876673339260e-01 2.717283876673339260e-01 2.717283876673339260e-01
2.717283876673339260e-01 2.717283876673339260e-01 2.717283876673339260e-01 2.717283876673339260e-01 2.717283876673339260e-01 2.717283876673339260e-01 2.717283876673339260e-01 2.717283876673339260e-01 2.717283876673339260e-01 2.717283876673339260e-01
2.717283876673339260e-01 2.717283876673339260e-01 2.717283876673339260e-01 2.717283876673339260e-01 2.717283876673339260e-01 2.717283876673339260e-01 2.717283876673339260e-01 2.717283876673339260e-01 2.717283876673339260e-01 2.717283876673339260e-01
2.717283876673339260e-01 2.717283876673339260e-01 2.717283876673339260e-01 2.717283876673339260e-01 2.717283876673339260e-01 2.717283876673339260e-01 2.717283876673339260e-01 2.717283876673339260e-01 2.717283876673339260e-01 2.717283876673339260e-01
2.717283876673339260e-01 2.717283876673339260e-01 2.717283876673339260e-01 2.717283876673339260e-01 2.717283876673339260e-01 2.717283876673339260e-01 2.717283876673339260e-01 2.717283876673339260e-01 2.717283876673339260e-01 2.717283876673339260e-01
2.717283876673339260e-01 2.717283876673339260e-01 2.717283876673339260e-01 2.717283876673339260e-01 2.717283876673339260e-01 2.717283876673339260e-01 2.717283876673339260e-01 2.717283876673339260e-01 2.717283876673339260e-01 2.717283876673339260e-01
2.717283876673339260e-01 2.717283876673339260e-01 2.717283876673339260e-01 2.717283876673339260e-01 2.717283876673339260e-01 2.717283876673339260e-01 2.717283876673339260e-01 2.717283876673339260e-01 2.717283876673339260e-01 2.717283876673339260e-01
2.717283876673339260e-01 2.717283876673339260e-01 2.717283876673339260e-01 2.717283876673339260e-01 2.717283876673339260e-01 2.717283876673339260e-01 2.717283876673339260e-01 2.717283876673339260e-01 2.717283876673339260e-01 2.717283876673339260e-01
