1.840348238827048122e-01 1.840348238827048122e-01 1.840348238827048122e-01 1.840348238827048122e-01 1.840348238827048122e-01 1.840348238827048122e-01 1.840348238827048122e-01 1.840348238827048122e-01 1.840348238827048122e-01 1.840348238827048122e-01
1.840348238827048122e-01 1.840348238827048122e-01 1.840348238827048122e-01 1.840348238827048122e-01 1.840348238827048122e-01 1.840348238827048122e-01 1.840348238827048122e-01 1.840348238827048122e-01 1.840348238827048122e-01 1.840348238827048122e-01
1.840348238827048122e-01 1.840348238827048122e-01 1.840348238827048122e-01 1.840348238827048122e-01 1.840348238827048122e-01 1.840348238827048122e-01 1.840348238827048122e-01 1.840348238827048122e-01 1.840348238827048122e-01 1.840348238827048122e-01
1.840348238827048122e-01 1.840348238827048122e-01 1.840348238827048122e-01 1.840348238827048122e-01 1.840348238827048122e-01 1.840348238827048122e-01 1.840348238827048122e-01 1.840348238827048122e-01 1.840348238827048122e-01 1.840348238827048122e-01
1.840348238827048122e-01 1.840348238827048122e-01 1.840348238827048122e-01 1.840348238827048122e-01 1.840348238827048122e-01 1.840348238827048122e-01 1.840348238827048122e-01 1.840348238827048122e-01 1.840348238827048122e-01 1.840348238827048122e-01
1.840348238827048122e-01 1.840348238827048122e-01 1.840348238827048122e-01 1.840348238827048122e-01 1.840348238827048122e-01 1.840348238827048122e-01 1.840348238827048122e-01 1.840348238827048122e-01 1.840348238827048122e-01 1.840348238827048122e-01
1.840348238827048122e-01 1.840348238827048122e-01 1.840348238827048122e-01 1.840348238827048122e-01 1.840348238827048122e-01 1.840348238827048122e-01 1.840348238827048122e-01 1.840348238827048122e-01 1.840348238827048122e-01 1.840348238827048122e-01
1.840348238827048122e-01 1.840348238827048122e-01 1.840348238827048122e-01 1.840348238827048122e-01 1.840348238827048122e-01 1.840348238827048122e-01 1.840348238827048122e-01 1.840348238827048122e-01 1.840348238827048122e-01 1.840348238827048122e-01
1.840348238827048122e-01 1.840348238827048122e-01 1.840348238827048122e-01 1.840348238827048122e-01 1.840348238827048122e-01 1.840348238827048122e-01 1.840348238827048122e-01 1.840348238827048122e-01 1.840348238827048122e-01 1.840348238827048122e-01
1.840348238827048122e-01 1.840348238827048122e-01 1.840348238827048122e-01 1.840348238827048122e-01 1.840348238827048122e-01 1.840348238827048122e-01 1.840348238827048122e-01 1.840348238827048122e-01 1.840348238827048122e-01 1.840348238827048122e-01
