1.246421718845305421e-01 1.246421718845305421e-01 1.246421718845305421e-01 1.246421718845305421e-01 1.246421718845305421e-01 1.246421718845305421e-01 1.246421718845305421e-01 1.246421718845305421e-01 1.246421718845305421e-01 1.246421718845305421e-01
1.246421718845305421e-01 1.246421718845305421e-01 1.246421718845305421e-01 1.246421718845305421e-01 1.246421718845305421e-01 1.246421718845305421e-01 1.246421718845305421e-01 1.246421718845305421e-01 1.246421718845305421e-01 1.246421718845305421e-01
1.246421718845305421e-01 1.246421718845305421e-01 1.246421718845305421e-01 1.246421718845305421e-01 1.246421718845305421e-01 1.246421718845305421e-01 1.246421718845305421e-01 1.246421718845305421e-01 1.246421718845305421e-01 1.246421718845305421e-01
1.246421718845305421e-01 1.246421718845305421e-01 1.246421718845305421e-01 1.246421718845305421e-01 1.246421718845305421e-01 1.246421718845305421e-01 1.246421718845305421e-01 1.246421718845305421e-01 1.246421718845305421e-01 1.246421718845305421e-01
1.246421718845305421e-01 1.246421718845305421e-01 1.246421718845305421e-01 1.246421718845305421e-01 1.246421718845305421e-01 1.246421718845305421e-01 1.246421718845305421e-01 1.246421718845305421e-01 1.246421718845305421e-01 1.246421718845305421e-01
1.246421718845305421e-01 1.246421718845305421e-01 1.246421718845305421e-01 1.246421718845305421e-01 1.246421718845305421e-01 1.246421718845305421e-01 1.246421718845305421e-01 1.246421718845305421e-01 1.246421718845305421e-01 1.246421718845305421e-01
1.246421718845305421e-01 1.246421718845305421e-01 1.246421718845305421e-01 1.246421718845305421e-01 1.246421718845305421e-01 1.246421718845305421e-01 1.246421718845305421e-01 1.246421718845305421e-01 1.246421718845305421e-01 1.246421718845305421e-01
1.246421718845305421e-01 1.246421718845305421e-01 1.246421718845305421e-01 1.246421718845305421e-01 1.246421718845305421e-01 1.246421718845305421e-01 1.246421718845305421e-01 1.246421718845305421e-01 1.246421718845305421e-01 1.246421718845305421e-01
1.246421718845305421e-01 1.246421718845305421e-01 1.246421718845305421e-01 1.246421718845305421e-01 1.246421718845305421e-01 1.246421718845305421e-01 1.246421718845305421e-01 1.246421718845305421e-01 1.246421718845305421e-01 1.246421718845305421e-01
1.246421718845305421e-01 1.246421718845305421e-01 1.246421718845305421e-01 1.246421718845305421e-01 1.246421718845305421e-01 1.246421718845305421e-01 1.246421718845305421e-01 1.246421718845305421e-01 1.246421718845305421e-01 1.246421718845305421e-01
