4.012083969029074937e-01 4.012083969029074937e-01 4.012083969029074937e-01 4.012083969029074937e-01 4.012083969029074937e-01 4.012083969029074937e-01 4.012083969029074937e-01 4.012083969029074937e-01 4.012083969029074937e-01 4.012083969029074937e-01
4.012083969029074937e-01 4.012083969029074937e-01 4.012083969029074937e-01 4.012083969029074937e-01 4.012083969029074937e-01 4.012083969029074937e-01 4.012083969029074937e-01 4.012083969029074937e-01 4.012083969029074937e-01 4.012083969029074937e-01
4.012083969029074937e-01 4.012083969029074937e-01 4.012083969029074937e-01 4.012083969029074937e-01 4.012083969029074937e-01 4.012083969029074937e-01 4.012083969029074937e-01 4.012083969029074937e-01 4.012083969029074937e-01 4.012083969029074937e-01
4.012083969029074937e-01 4.012083969029074937e-01 4.012083969029074937e-01 4.012083969029074937e-01 4.012083969029074937e-01 4.012083969029074937e-01 4.012083969029074937e-01 4.012083969029074937e-01 4.012083969029074937e-01 4.012083969029074937e-01
4.012083969029074937e-01 4.012083969029074937e-01 4.012083969029074937e-01 4.012083969029074937e-01 4.012083969029074937e-01 4.012083969029074937e-01 4.012083969029074937e-01 4.012083969029074937e-01 4.012083969029074937e-01 4.012083969029074937e-01
4.012083969029074937e-01 4.012083969029074937e-01 4.012083969029074937e-01 4.012083969029074937e-01 4.012083969029074937e-01 4.012083969029074937e-01 4.012083969029074937e-01 4.012083969029074937e-01 4.012083969029074937e-01 4.012083969029074937e-01
4.012083969029074937e-01 4.012083969029074937e-01 4.012083969029074937e-01 4.012083969029074937e-01 4.012083969029074937e-01 4.012083969029074937e-01 4.012083969029074937e-01 4.012083969029074937e-01 4.012083969029074937e-01 4.012083969029074937e-01
4.012083969029074937e-01 4.012083969029074937e-01 4.012083969029074937e-01 4.012083969029074937e-01 4.012083969029074937e-01 4.012083969029074937e-01 4.012083969029074937e-01 4.012083969029074937e-01 4.012083969029074937e-01 4.012083969029074937e-01
4.012083969029074937e-01 4.012083969029074937e-01 4.012083969029074937e-01 4.012083969029074937e-01 4.012083969029074937e-01 4.012083969029074937e-01 4.012083969029074937e-01 4.012083969029074937e-01 4.012083969029074937e-01 4.012083969029074937e-01
4.012083969029074937e-01 4.012083969029074937e-01 4.012083969029074937e-01 4.012083969029074937e-01 4.012083969029074937e-01 4.012083969029074937e-01 4.012083969029074937e-01 4.012083969029074937e-01 4.012083969029074937e-01 4.012083969029074937e-01
