5.923863131387941960e-01 5.923863131387941960e-01 5.923863131387941960e-01 5.923863131387941960e-01 5.923863131387941960e-01 5.923863131387941960e-01 5.923863131387941960e-01 5.923863131387941960e-01 5.923863131387941960e-01 5.923863131387941960e-01
5.923863131387941960e-01 5.923863131387941960e-01 5.923863131387941960e-01 5.923863131387941960e-01 5.923863131387941960e-01 5.923863131387941960e-01 5.923863131387941960e-01 5.923863131387941960e-01 5.923863131387941960e-01 5.923863131387941960e-01
5.923863131387941960e-01 5.923863131387941960e-01 5.923863131387941960e-01 5.923863131387941960e-01 5.923863131387941960e-01 5.923863131387941960e-01 5.923863131387941960e-01 5.923863131387941960e-01 5.923863131387941960e-01 5.923863131387941960e-01
5.923863131387941960e-01 5.923863131387941960e-01 5.923863131387941960e-01 5.923863131387941960e-01 5.923863131387941960e-01 5.923863131387941960e-01 5.923863131387941960e-01 5.923863131387941960e-01 5.923863131387941960e-01 5.923863131387941960e-01
5.923863131387941960e-01 5.923863131387941960e-01 5.923863131387941960e-01 5.923863131387941960e-01 5.923863131387941960e-01 5.923863131387941960e-01 5.923863131387941960e-01 5.923863131387941960e-01 5.923863131387941960e-01 5.923863131387941960e-01
5.923863131387941960e-01 5.923863131387941960e-01 5.923863131387941960e-01 5.923863131387941960e-01 5.923863131387941960e-01 5.923863131387941960e-01 5.923863131387941960e-01 5.923863131387941960e-01 5.923863131387941960e-01 5.923863131387941960e-01
5.923863131387941960e-01 5.923863131387941960e-01 5.923863131387941960e-01 5.923863131387941960e-01 5.923863131387941960e-01 5.923863131387941960e-01 5.923863131387941960e-01 5.923863131387941960e-01 5.923863131387941960e-01 5.923863131387941960e-01
5.923863131387941960e-01 5.923863131387941960e-01 5.923863131387941960e-01 5.923863131387941960e-01 5.923863131387941960e-01 5.923863131387941960e-01 5.923863131387941960e-01 5.923863131387941960e-01 5.923863131387941960e-01 5.923863131387941960e-01
5.923863131387941960e-01 5.923863131387941960e-01 5.923863131387941960e-01 5.923863131387941960e-01 5.923863131387941960e-01 5.923863131387941960e-01 5.923863131387941960e-01 5.923863131387941960e-01 5.923863131387941960e-01 5.923863131387941960e-01
5.923863131387941960e-01 5.923863131387941960e-01 5.923863131387941960e-01 5.923863131387941960e-01 5.923863131387941960e-01 5.923863131387941960e-01 5.923863131387941960e-01 5.923863131387941960e-01 5.923863131387941960e-01 5.923863131387941960e-01
