1.427107095245148949e-01 1.427107095245148949e-01 1.427107095245148949e-01 1.427107095245148949e-01 1.427107095245148949e-01 1.427107095245148949e-01 1.427107095245148949e-01 1.427107095245148949e-01 1.427107095245148949e-01 1.427107095245148949e-01
1.427107095245148949e-01 1.427107095245148949e-01 1.427107095245148949e-01 1.427107095245148949e-01 1.427107095245148949e-01 1.427107095245148949e-01 1.427107095245148949e-01 1.427107095245148949e-01 1.427107095245148949e-01 1.427107095245148949e-01
1.427107095245148949e-01 1.427107095245148949e-01 1.427107095245148949e-01 1.427107095245148949e-01 1.427107095245148949e-01 1.427107095245148949e-01 1.427107095245148949e-01 1.427107095245148949e-01 1.427107095245148949e-01 1.427107095245148949e-01
1.427107095245148949e-01 1.427107095245148949e-01 1.427107095245148949e-01 1.427107095245148949e-01 1.427107095245148949e-01 1.427107095245148949e-01 1.427107095245148949e-01 1.427107095245148949e-01 1.427107095245148949e-01 1.427107095245148949e-01
1.427107095245148949e-01 1.427107095245148949e-01 1.427107095245148949e-01 1.427107095245148949e-01 1.427107095245148949e-01 1.427107095245148949e-01 1.427107095245148949e-01 1.427107095245148949e-01 1.427107095245148949e-01 1.427107095245148949e-01
1.427107095245148949e-01 1.427107095245148949e-01 1.427107095245148949e-01 1.427107095245148949e-01 1.427107095245148949e-01 1.427107095245148949e-01 1.427107095245148949e-01 1.427107095245148949e-01 1.427107095245148949e-01 1.427107095245148949e-01
1.427107095245148949e-01 1.427107095245148949e-01 1.427107095245148949e-01 1.427107095245148949e-01 1.427107095245148949e-01 1.427107095245148949e-01 1.427107095245148949e-01 1.427107095245148949e-01 1.427107095245148949e-01 1.427107095245148949e-01
1.427107095245148949e-01 1.427107095245148949e-01 1.427107095245148949e-01 1.427107095245148949e-01 1.427107095245148949e-01 1.427107095245148949e-01 1.427107095245148949e-01 1.427107095245148949e-01 1.427107095245148949e-01 1.427107095245148949e-01
1.427107095245148949e-01 1.427107095245148949e-01 1.427107095245148949e-01 1.427107095245148949e-01 1.427107095245148949e-01 1.427107095245148949e-01 1.427107095245148949e-01 1.427107095245148949e-01 1.427107095245148949e-01 1.427107095245148949e-01
1.427107095245148949e-01 1.427107095245148949e-01 1.427107095245148949e-01 1.427107095245148949e-01 1.427107095245148949e-01 1.427107095245148949e-01 1.427107095245148949e-01 1.427107095245148949e-01 1.427107095245148949e-01 1.427107095245148949e-01
