1.065703801592993772e-70 1.065703801592993772e-70 1.065703801592993772e-70 1.065703801592993772e-70 1.065703801592993772e-70 1.065703801592993772e-70 1.065703801592993772e-70 1.065703801592993772e-70 1.065703801592993772e-70 1.065703801592993772e-70
1.065703801592993772e-70 1.065703801592993772e-70 1.065703801592993772e-70 1.065703801592993772e-70 1.065703801592993772e-70 1.065703801592993772e-70 1.065703801592993772e-70 1.065703801592993772e-70 1.065703801592993772e-70 1.065703801592993772e-70
1.065703801592993772e-70 1.065703801592993772e-70 1.065703801592993772e-70 1.065703801592993772e-70 1.065703801592993772e-70 1.065703801592993772e-70 1.065703801592993772e-70 1.065703801592993772e-70 1.065703801592993772e-70 1.065703801592993772e-70
1.065703801592993772e-70 1.065703801592993772e-70 1.065703801592993772e-70 1.065703801592993772e-70 1.065703801592993772e-70 1.065703801592993772e-70 1.065703801592993772e-70 1.065703801592993772e-70 1.065703801592993772e-70 1.065703801592993772e-70
1.065703801592993772e-70 1.065703801592993772e-70 1.065703801592993772e-70 1.065703801592993772e-70 1.065703801592993772e-70 1.065703801592993772e-70 1.065703801592993772e-70 1.065703801592993772e-70 1.065703801592993772e-70 1.065703801592993772e-70
1.065703801592993772e-70 1.065703801592993772e-70 1.065703801592993772e-70 1.065703801592993772e-70 1.065703801592993772e-70 1.065703801592993772e-70 1.065703801592993772e-70 1.065703801592993772e-70 1.065703801592993772e-70 1.065703801592993772e-70
1.065703801592993772e-70 1.065703801592993772e-70 1.065703801592993772e-70 1.065703801592993772e-70 1.065703801592993772e-70 1.065703801592993772e-70 1.065703801592993772e-70 1.065703801592993772e-70 1.065703801592993772e-70 1.065703801592993772e-70
1.065703801592993772e-70 1.065703801592993772e-70 1.065703801592993772e-70 1.065703801592993772e-70 1.065703801592993772e-70 1.065703801592993772e-70 1.065703801592993772e-70 1.065703801592993772e-70 1.065703801592993772e-70 1.065703801592993772e-70
1.065703801592993772e-70 1.065703801592993772e-70 1.065703801592993772e-70 1.065703801592993772e-70 1.065703801592993772e-70 1.065703801592993772e-70 1.065703801592993772e-70 1.065703801592993772e-70 1.065703801592993772e-70 1.065703801592993772e-70
1.065703801592993772e-70 1.065703801592993772e-70 1.065703801592993772e-70 1.065703801592993772e-70 1.065703801592993772e-70 1.065703801592993772e-70 1.065703801592993772e-70 1.065703801592993772e-70 1.065703801592993772e-70 1.065703801592993772e-70
