1.174653738206216661e-47 1.174653738206216661e-47 1.174653738206216661e-47 1.174653738206216661e-47 1.174653738206216661e-47 1.174653738206216661e-47 1.174653738206216661e-47 1.174653738206216661e-47 1.174653738206216661e-47 1.174653738206216661e-47
1.174653738206216661e-47 1.174653738206216661e-47 1.174653738206216661e-47 1.174653738206216661e-47 1.174653738206216661e-47 1.174653738206216661e-47 1.174653738206216661e-47 1.174653738206216661e-47 1.174653738206216661e-47 1.174653738206216661e-47
1.174653738206216661e-47 1.174653738206216661e-47 1.174653738206216661e-47 1.174653738206216661e-47 1.174653738206216661e-47 1.174653738206216661e-47 1.174653738206216661e-47 1.174653738206216661e-47 1.174653738206216661e-47 1.174653738206216661e-47
1.174653738206216661e-47 1.174653738206216661e-47 1.174653738206216661e-47 1.174653738206216661e-47 1.174653738206216661e-47 1.174653738206216661e-47 1.174653738206216661e-47 1.174653738206216661e-47 1.174653738206216661e-47 1.174653738206216661e-47
1.174653738206216661e-47 1.174653738206216661e-47 1.174653738206216661e-47 1.174653738206216661e-47 1.174653738206216661e-47 1.174653738206216661e-47 1.174653738206216661e-47 1.174653738206216661e-47 1.174653738206216661e-47 1.174653738206216661e-47
1.174653738206216661e-47 1.174653738206216661e-47 1.174653738206216661e-47 1.174653738206216661e-47 1.174653738206216661e-47 1.174653738206216661e-47 1.174653738206216661e-47 1.174653738206216661e-47 1.174653738206216661e-47 1.174653738206216661e-47
1.174653738206216661e-47 1.174653738206216661e-47 1.174653738206216661e-47 1.174653738206216661e-47 1.174653738206216661e-47 1.174653738206216661e-47 1.174653738206216661e-47 1.174653738206216661e-47 1.174653738206216661e-47 1.174653738206216661e-47
1.174653738206216661e-47 1.174653738206216661e-47 1.174653738206216661e-47 1.174653738206216661e-47 1.174653738206216661e-47 1.174653738206216661e-47 1.174653738206216661e-47 1.174653738206216661e-47 1.174653738206216661e-47 1.174653738206216661e-47
1.174653738206216661e-47 1.174653738206216661e-47 1.174653738206216661e-47 1.174653738206216661e-47 1.174653738206216661e-47 1.174653738206216661e-47 1.174653738206216661e-47 1.174653738206216661e-47 1.174653738206216661e-47 1.174653738206216661e-47
1.174653738206216661e-47 1.174653738206216661e-47 1.174653738206216661e-47 1.174653738206216661e-47 1.174653738206216661e-47 1.174653738206216661e-47 1.174653738206216661e-47 1.174653738206216661e-47 1.174653738206216661e-47 1.174653738206216661e-47
