9.668590460233219410e-94 9.668590460233219410e-94 9.668590460233219410e-94 9.668590460233219410e-94 9.668590460233219410e-94 9.668590460233219410e-94 9.668590460233219410e-94 9.668590460233219410e-94 9.668590460233219410e-94 9.668590460233219410e-94
9.668590460233219410e-94 9.668590460233219410e-94 9.668590460233219410e-94 9.668590460233219410e-94 9.668590460233219410e-94 9.668590460233219410e-94 9.668590460233219410e-94 9.668590460233219410e-94 9.668590460233219410e-94 9.668590460233219410e-94
9.668590460233219410e-94 9.668590460233219410e-94 9.668590460233219410e-94 9.668590460233219410e-94 9.668590460233219410e-94 9.668590460233219410e-94 9.668590460233219410e-94 9.668590460233219410e-94 9.668590460233219410e-94 9.668590460233219410e-94
9.668590460233219410e-94 9.668590460233219410e-94 9.668590460233219410e-94 9.668590460233219410e-94 9.668590460233219410e-94 9.668590460233219410e-94 9.668590460233219410e-94 9.668590460233219410e-94 9.668590460233219410e-94 9.668590460233219410e-94
9.668590460233219410e-94 9.668590460233219410e-94 9.668590460233219410e-94 9.668590460233219410e-94 9.668590460233219410e-94 9.668590460233219410e-94 9.668590460233219410e-94 9.668590460233219410e-94 9.668590460233219410e-94 9.668590460233219410e-94
9.668590460233219410e-94 9.668590460233219410e-94 9.668590460233219410e-94 9.668590460233219410e-94 9.668590460233219410e-94 9.668590460233219410e-94 9.668590460233219410e-94 9.668590460233219410e-94 9.668590460233219410e-94 9.668590460233219410e-94
9.668590460233219410e-94 9.668590460233219410e-94 9.668590460233219410e-94 9.668590460233219410e-94 9.668590460233219410e-94 9.668590460233219410e-94 9.668590460233219410e-94 9.668590460233219410e-94 9.668590460233219410e-94 9.668590460233219410e-94
9.668590460233219410e-94 9.668590460233219410e-94 9.668590460233219410e-94 9.668590460233219410e-94 9.668590460233219410e-94 9.668590460233219410e-94 9.668590460233219410e-94 9.668590460233219410e-94 9.668590460233219410e-94 9.668590460233219410e-94
9.668590460233219410e-94 9.668590460233219410e-94 9.668590460233219410e-94 9.668590460233219410e-94 9.668590460233219410e-94 9.668590460233219410e-94 9.668590460233219410e-94 9.668590460233219410e-94 9.668590460233219410e-94 9.668590460233219410e-94
9.668590460233219410e-94 9.668590460233219410e-94 9.668590460233219410e-94 9.668590460233219410e-94 9.668590460233219410e-94 9.668590460233219410e-94 9.668590460233219410e-94 9.668590460233219410e-94 9.668590460233219410e-94 9.668590460233219410e-94
