1.294741937318139561e-24 1.294741937318139561e-24 1.294741937318139561e-24 1.294741937318139561e-24 1.294741937318139561e-24 1.294741937318139561e-24 1.294741937318139561e-24 1.294741937318139561e-24 1.294741937318139561e-24 1.294741937318139561e-24
1.294741937318139561e-24 1.294741937318139561e-24 1.294741937318139561e-24 1.294741937318139561e-24 1.294741937318139561e-24 1.294741937318139561e-24 1.294741937318139561e-24 1.294741937318139561e-24 1.294741937318139561e-24 1.294741937318139561e-24
1.294741937318139561e-24 1.294741937318139561e-24 1.294741937318139561e-24 1.294741937318139561e-24 1.294741937318139561e-24 1.294741937318139561e-24 1.294741937318139561e-24 1.294741937318139561e-24 1.294741937318139561e-24 1.294741937318139561e-24
1.294741937318139561e-24 1.294741937318139561e-24 1.294741937318139561e-24 1.294741937318139561e-24 1.294741937318139561e-24 1.294741937318139561e-24 1.294741937318139561e-24 1.294741937318139561e-24 1.294741937318139561e-24 1.294741937318139561e-24
1.294741937318139561e-24 1.294741937318139561e-24 1.294741937318139561e-24 1.294741937318139561e-24 1.294741937318139561e-24 1.294741937318139561e-24 1.294741937318139561e-24 1.294741937318139561e-24 1.294741937318139561e-24 1.294741937318139561e-24
1.294741937318139561e-24 1.294741937318139561e-24 1.294741937318139561e-24 1.294741937318139561e-24 1.294741937318139561e-24 1.294741937318139561e-24 1.294741937318139561e-24 1.294741937318139561e-24 1.294741937318139561e-24 1.294741937318139561e-24
1.294741937318139561e-24 1.294741937318139561e-24 1.294741937318139561e-24 1.294741937318139561e-24 1.294741937318139561e-24 1.294741937318139561e-24 1.294741937318139561e-24 1.294741937318139561e-24 1.294741937318139561e-24 1.294741937318139561e-24
1.294741937318139561e-24 1.294741937318139561e-24 1.294741937318139561e-24 1.294741937318139561e-24 1.294741937318139561e-24 1.294741937318139561e-24 1.294741937318139561e-24 1.294741937318139561e-24 1.294741937318139561e-24 1.294741937318139561e-24
1.294741937318139561e-24 1.294741937318139561e-24 1.294741937318139561e-24 1.294741937318139561e-24 1.294741937318139561e-24 1.294741937318139561e-24 1.294741937318139561e-24 1.294741937318139561e-24 1.294741937318139561e-24 1.294741937318139561e-24
1.294741937318139561e-24 1.294741937318139561e-24 1.294741937318139561e-24 1.294741937318139561e-24 1.294741937318139561e-24 1.294741937318139561e-24 1.294741937318139561e-24 1.294741937318139561e-24 1.294741937318139561e-24 1.294741937318139561e-24
